WITHOUT LOCKING
---------------
258052947
258962646
258765666
258250947
350050902
264763461
258653292
259114569
259348926
257857413
262875939
362426004
260842770
259020612
258656652
269640984
265891353
267123126
350357139
262776558
260889255
257597958
261509481
269022501
258887286
315813831
293737236
258210876
257834760
263110989
259152459
258822699
258476364
349649865
258255282
267424641
259387533
260140863
257850675
258045315
346687548
266134089
258329688
258347769
259755414
257978919
258658317
321582795
297959724
258739134
257967126
258187149
258371166
263124273
257868570
349663140
261725334
258833793
258606963
268029606
261159750
258559470
347494569
262057707
258422199
262092492
258931278
258334662
258457068
324905184
284218101
268544313
259989087
258906600
257873439
258099120
258320091
353944905
260936181
259627332
258373776
259157958
258199758
259017672
356936226
262914990
259597782
257792733
257707971
258568851
263783412
328096017
284318760
258441654
260627202
266265399
259691070
258111570
258630405
353050431
---------------

WITH LOCKING
---------------
456335277
614087472
511181958
497179038
564159798
502014216
496314771
473697024
600697323
503082732
496717311
441760365
623254158
498637017
494734698
438885363
642875133
497543019
494306739
425854176
642603270
507845022
495080943
431297439
638637606
494348904
495213825
511609911
569841081
495318579
488269683
568418109
502123023
494726697
476434320
600778704
499793259
495283737
439584555
624992613
512680470
496872948
427204191
642338835
496091433
494992005
498263418
651236319
493259079
496542297
634368837
500510343
495670194
510300819
641649915
495937305
494239824
498342234
640338012
509234196
494327193
633189915
506219040
495471993
494190759
652773288
502034967
495032115
493864584
496218180
496492812
508229424
494682606
494621304
495437604
495701505
495860331
497701479
508822473
497071209
494602224
495845421
494644749
494687667
507189810
497838129
494285736
494154723
495216171
497500281
497455290
508980969
496761399
526917780
636162621
495533112
495827898
510620271
496415544
493792104
---------------
